33

recht’) 1 14, 1. 55555155 (5) 11 4, 2. *5555555155 11 29,1.
5555555555 (5) 11 41, 1. 5551155555 (5) H 63,1. *5555-
555555 II 65,1 *5555555515 H 13, 2, condiciones (5)
Π 3,.3 555555155 (5)11,.3 555555155555()114,5. 555-Ι
tentiones ()1111,.6 5555 5555 555 (5) 51 12,1. 555555555
(5) 11 33, 4. *55555551181,1. 55555555555555 (5) H 11,3.
5 55555555555 ( 5) H 48, 4. 5555555555 (5) 11 88, 2. 5555555
(5) H 126, 4. 5555515555 (5) H 120,4. dilationes (5)
Π 19,1. 55155555 (5)11111,1. 5555555555 (5)1 13, 3.
discordiae (a) 11 3, 3. 5555555555555 (5) 11 121,1. 51515-
res (5) 11 130, 4. 5555555551) (5) ΙΙ 81, 3. errores (5)14, 4.
ernpt iones ( 511) 41,1 *55555555 113, 4 ederedo 5555555 (5)
11119 5555555555 555() 1,.11091 1155555555555551131,.2
5555555555 (5) 11 94, 4. 55555555 555555 (5) ΙΙ 98,2.
5555555 55555(1,.463 5555155555(5)11.82,4 sata(a)
111,21.[1555555()11913. *foenerat 11,4 fi·bondes() ·
11922 55555555(Π) 254. 55555555(51)1,.1181
5555555555 (5)Π Π9,5 555555555 (5)111, 6. 555 os (5)

11 21, 5. 555555555 (5) 1111, 2. 5155555555(5)Ι 11354.

incremento (5)1314,3 *55515555 Π,.511 5555555 (5)
111,.1 555555 55555(5)11 1,6’ 555555 (5) 1 9,.2 iniuriae
(5,.)184 55555551163 55555(5,.)11284 5555555)
H 33,2. eno 5515555555 (5 5) H 111, 4. 5155555555 (5)
1131 libidines) (b)I 1484 55 5551()111 81. 555515

5555555(5)11 3,3 *5 5555555555 11 163, 5. ÷÷ministerio
1193,2. 315551555555,.511181 5551155555(5,,)Ι62 5555-
5551133. 5555,.55(5)131 5555555555 (5)Π 233·
5555 5555555 (5) 15,2. 355555551133 1155555555
H 131,1. offensae (5) H 29, 3. offensiones (5) II 93, 2.

1) Falso Draeger 55 Fritschius (1. 5. p. 4.) argenteae dum-
taxat aetati quam vocant huiusce vocis pluralem formam assignant;
ea enim iam Cicero uti non dubitavit Off. 11 23,81; ‘propterea
quod tam longo spatio multa hereditatibus, multa emptionibuS, multa
dotibus tenebantur sine iniuria!

 

